total molar or molecular concentrations (see unit) of all components (1: ...) per unit volume of air for given concentration unit
---------------------------------------------------------------------------------------------------------------------------------
[mol/m^3]   !concentration unit of listed data (state whether it is [molec/cm^3] or [mol/m^3]); first concentation value is for water vapour
			 
6.393683E-01
6.18269E-12
6.40503E-16
2.03715E-11
5.70495E-32
4.32454E-21
5.32253E-16
2.47553E-16
5.15003E-12
5.19543E-12
1.15763E-09
1.21025E-10
4.49807E-12
1.28948E-23
1.73013E-14
2.37294E-13
5.73932E-10
2.40903E-13
2.07933E-11
9.85467E-17
1.61551E-10
1.33109E-10
2.27784E-12
8.73864E-13
5.42482E-09
7.15061E-11
2.27173E-09
7.76335E-28
9.14858E-13
2.04064E-10
2.80947E-26
1.10685E-11
1.06965E-12
1.62539E-09
1.23589E-11
1.68186E-08
6.1777E-13
8.2303E-13
1.14582E-12
8.19991E-11
8.24657E-17
9.17813E-13
5.89126E-20
9.14741E-11
2.31001E-10
6.89956E-19
2.78057E-23
4.26152E-17
2.14442E-10
2.71027E-10
2.72383E-12
3.94843E-15
4.48311E-10
2.20437E-08
1.31355E-10
1.24411E-11
5.33908E-12
1.49731E-09
2.08624E-09
9.02486E-11
7.80101E-12
1.11067E-11
6.8297E-11
1.71132E-13
1.41373E-09
5.62225E-11
4.14603E-11
1.29129E-20
1.57482E-09
8.95828E-16
1.6496E-10
3.51055E-10
2.54029E-13
5.96134E-20
3.50108E-09
9.29022E-14
1.55913E-14
4.52866E-11
3.33868E-25
1.69372E-14
4.97896E-13
1.05371E-13
1.37978E-24
1.63884E-10
1.99115E-15
3.98031E-17
8.94018E-10
2.35484E-09
1.7082E-10
5.44923E-09
1.95064E-11
9.13147E-12
6.85637E-10
2.73773E-09
2.25621E-09
1.60531E-10
6.35605E-20
1.70396E-14
1.23148E-16
1.34183E-13
8.00131E-09
2.01407E-11
8.9254E-13
1.16087E-12
1.16585E-09
3.52431E-10
4.11249E-08
6.93599E-14
2.01672E-10
3.38466E-09
2.34483E-16
9.32184E-13
3.44524E-10
1.64506E-20
2.21018E-12
8.71982E-14
5.45736E-14
9.83155E-14
1.50628E-20
1.37197E-11
9.19319E-13
6.52692E-09
1.56051E-10
9.96656E-11
1.17334E-17
6.57474E-29
5.65098E-10
4.27116E-24
1.13817E-12
6.29975E-11
4.67498E-12
3.51503E-12
1.21792E-09
1.30347E-08
5.22206E-11
1.04099E-20
1.20148E-19
6.5795E-09
5.7631E-10
1.56308E-10
3.62579E-16
4.70597E-20
1.67E-13
2.74072E-21
5.74165E-10
1.11218E-13
2.9981E-11
5.18155E-09
5.36935E-09
1.63661E-19
4.19187E-10
2.42173E-12
2.54959E-13
6.24711E-24
2.66749E-12
6.3426E-12
1.21674E-11
1.86037E-12
1.71999E-13
1.48852E-09
5.69648E-12
4.00889E-14
2.77875E-09
1.32034E-18
2.00278E-12
1.03385E-20
3.74153E-12
6.86402E-13
2.64889E-12
2.21001E-16
1.26674E-20
8.10161E-13
9.55591E-14
2.14724E-20
6.54186E-11
