total molar or molecular concentrations (see unit) of all components (1: ...) per unit volume of air for given concentration unit
---------------------------------------------------------------------------------------------------------------------------------
[molec/cm^3]   !concentration unit of listed data (state whether it is [molec/cm^3] or [mol/m^3])

6.393683E-01
2.84710E+00
0.00000E+00
4.65910E-03
3.11900E+07
7.03640E+02
3.09180E+08
3.20440E-02
9.89520E+02
6.23420E-02
7.39420E+05
3.54120E-04
4.12750E+02
5.39870E+01
3.17060E-01
1.05530E-02
1.19350E-02
6.95340E-03
7.20970E-04
4.32730E+03
1.60390E-02
1.32610E+11
1.86620E+11
2.02050E-05
3.21500E-12
1.02290E-02
3.87000E+01
3.23010E-01
9.36880E-04
3.78070E-02
2.83210E-04
1.34060E+10
1.44520E+00
1.34080E+11
4.18860E-05
2.31050E-01
6.08670E+02
5.44570E+07
1.65870E+10
9.19810E+08
2.46530E-01
2.26600E-01
9.66380E-06
1.95780E+09
1.73380E+05
0.00000E+00
5.74480E+06
9.68430E-08
6.27920E-01
8.20400E+07
2.50910E-07
2.77940E-16
9.41630E-07
2.51910E-04
1.00810E-03
2.80640E-01
6.60480E-03
0.00000E+00
7.35960E+02
3.44710E+00
5.41060E-03
5.87240E+01
3.78810E+01
1.37370E+07
2.96560E+09
4.03720E+06
3.79810E+06
5.18040E-03
5.06250E+06
0.00000E+00
1.43520E+02
9.40710E-01
1.18780E-07
6.21340E-01
1.82280E-03
1.51260E-06
2.42440E+02
1.48720E-05
7.04720E-02
3.17230E-02
1.19710E+02
4.17660E-01
6.61370E+07
3.47270E-01
5.31240E+00
2.91160E+01
5.80590E-12
7.12810E-02
1.38810E+05
3.83390E+01
1.20740E+07
1.05990E+07
7.67990E-04
2.55450E+01
8.39890E-01
3.96390E-04
1.10540E-13
1.96080E-04
2.80720E+00
1.41220E-04
7.33680E+00
7.86480E-02
3.65620E+02
8.99440E+00
4.24570E-06
4.88210E-01
1.69930E+02
1.44130E+06
3.72210E+06
7.65640E+00
4.11890E-03
1.06890E+00
1.56230E+00
1.14370E+08
3.75940E-03
8.74920E+01
4.88940E+00
4.68170E-03
2.99990E+02
8.11680E+02
2.32310E+00
7.55040E+08
7.68260E-03
7.86000E-03
2.10550E-07
6.09820E-11
1.99540E-01
1.28170E+00
6.63540E-09
1.89280E-03
8.27860E+07
4.54570E+00
3.61360E-02
2.02610E+03
1.23320E+03
1.29120E-06
5.34990E+05
4.28990E-03
4.12040E+07
2.38160E+09
2.08870E+00
1.02630E-02
5.35560E-09
3.68720E+01
4.21800E-04
7.05800E-04
1.16790E-05
2.54350E+03
1.58680E-01
3.87490E+05
1.08160E+10
2.48920E+01
3.04150E-01
8.51150E+00
1.47600E+07
3.44470E+01
1.06880E+01
3.30820E+00
2.24410E-05
1.13430E+00
4.24680E+05
2.98720E+01
5.25760E+04
8.55030E+08
1.68090E+07
1.07580E+04
1.54940E+02
7.51290E-02
4.17800E-01
1.95580E+00
1.81340E+08
1.51640E+04
7.62220E+02
7.49970E+03
6.92260E+01
4.61220E+03
2.29840E+06
8.66580E+04
2.80240E+01
8.97210E+00
2.66450E-01
2.77510E+01
3.45420E+06
3.85890E+12
1.83710E+13
2.23150E+02
1.19860E-02
4.92590E+01
3.41800E+01
2.38010E+10
0.00000E+00
1.78640E+09
2.80610E+02
1.66370E+01
8.07000E+01
6.58960E-02
5.32910E+05
9.19670E+02
2.45330E+05
1.43980E-05
3.46410E+05
1.54590E+00
4.41680E+08
6.26860E+07
2.71870E+02
6.73310E-02
9.58050E+07
1.49350E-02
2.70590E+00
6.01770E-08
4.72050E-06
1.15990E-06
1.44590E+09
5.61940E+08
1.58980E+08
1.21190E+09
0.00000E+00
8.86430E+02
6.60540E-02
5.38940E-05
1.96680E-06
0.00000E+00
2.83540E+08
2.02240E+00
1.57260E+09
5.24640E+06
1.44920E-01
4.85640E-03
0.00000E+00
3.75220E-01
4.48050E-04
7.67690E-02
4.26210E-01
6.20600E-01
1.11660E+03
7.86610E+00
1.41260E+04
3.41060E+02
1.57600E+06
3.19200E-05
1.46040E+11
2.28160E-09
9.76580E-02
2.52260E+01
1.87960E-02
9.17320E+08
1.70920E-06
5.91030E+04
8.11710E+03
1.21890E+08
2.82770E+02
1.21560E+03
8.61740E-02
3.84000E-01
7.65230E-02
4.86720E+03
8.50120E+08
1.26420E+06
1.60350E+05
3.49790E+00
6.24300E+05
7.46520E+08
5.09690E-03
1.08490E+10
3.87150E-01
1.59760E+10
8.27050E+00
7.25860E+09
3.76230E+02
6.35420E+09
5.91730E-07
2.82710E-05
6.39640E-03
2.66350E-04
2.31260E+02
1.39090E+04
6.23010E-04
1.14800E-01
1.02790E-05
1.10360E-04
2.62060E-12
1.73930E+03
1.43320E+09
8.98050E-05
1.75320E+08
9.40050E+00
0.00000E+00
3.81950E-02
1.78410E-03
4.48940E+00
2.51940E-02
4.27980E-02
2.47270E-01
7.23770E+00
0.00000E+00
1.24120E+07
3.11120E+02
3.80450E+04
6.83370E+07
2.19790E-01
1.49640E+01
4.75370E+09
6.42690E-02
3.23450E-01
2.91470E-01
1.70620E+00
7.26440E+06
1.75070E+04
5.02220E-03
1.76790E-05
3.40530E-01
5.03020E-09
2.95690E-01
1.19500E+08
1.69790E+08
3.35570E-01
5.38650E+02
1.83220E+06
4.15740E+08
1.15350E-01
1.03010E+01
4.43040E-01
5.44700E-01
8.11660E+04
0.00000E+00
2.56480E-04
1.26210E+02
2.62400E-04
5.08670E-07
5.75920E-01
4.63480E+05
8.60740E+00
4.34570E+00
2.34710E+02
1.01560E+01
0.00000E+00
9.49530E-02
1.51270E+03
8.04590E+01
1.40650E+07
1.02820E-07
5.92130E+05
5.95100E-02
2.43460E+12
1.20480E+10
4.63170E-02
2.35030E-05
5.61520E+06
1.43850E+00
2.81990E-01
3.15660E-04
1.36390E+12
6.75270E+01
2.83260E+03
1.58060E+07
7.72200E-03
1.60780E+00
2.14270E+07
9.86500E+09
1.16680E+05
2.02130E-01
3.55560E+00
6.41170E+01
1.19380E+00
4.91870E-03
2.36950E-02
5.09570E+00
7.25440E+01
2.85320E+00
2.34450E+02
2.98530E+05
1.48920E-05
1.28590E+02
3.20140E+00
2.38010E-02
2.67790E-03
1.62360E+01
1.41360E+00
2.10460E-04
9.16870E+07
3.88300E-02
4.63710E-12
4.16930E-01
3.75650E+04
5.10590E-04
6.59960E-01
3.66030E-01
2.11260E+01
2.14720E+00
4.95500E-02
6.52790E-02
1.11150E-06
1.30410E+02
3.28940E-01
1.23320E+01
2.40850E-02
8.12640E+07
2.93070E+06
4.30500E+00
5.74750E-01
2.72490E-03
4.07070E+02
4.83400E-03
2.35700E+07
9.84810E+08
3.48000E-01
4.57780E+07
6.08420E+02
6.27910E+00
2.12050E+02
7.52890E+07
5.11060E+00
1.88480E-03
2.39550E-03
2.31610E-08
8.75750E+08
6.46450E-08
3.70660E+08
4.05730E+10
3.89010E-06
3.34540E+00
1.15460E-01
1.56600E+00
3.66830E-13
1.55750E-01
1.67810E-03
2.71950E+00
9.09390E+07
1.10970E+02
8.17050E-04
6.89310E+10
1.10530E+08
3.50750E-02
1.56360E+11
2.06610E+07
8.10970E-03
0.00000E+00
2.50540E+09
8.52610E+08
4.18580E-01
8.87590E-02
4.94390E+03
1.14730E-02
6.18470E+00
1.90990E+08
4.65360E-06
2.94800E+01
4.14210E+05
1.15230E+02
2.78100E+02
7.59080E-01
1.36710E+00
1.05120E+08
1.31610E-05
1.27620E+01
1.20900E+07
5.44740E+08
1.06780E+08
2.02120E+01
3.41000E-03
7.96020E+01
9.81100E-01
5.77360E-01
7.20360E-01
7.70990E-03
3.93030E-07
4.56430E-01
1.08240E+09
0.00000E+00
7.01090E-03
4.39530E+06
2.10470E+09
1.62950E+02
1.05570E+00
6.74900E-03
1.56760E+10
9.13220E-01
1.57690E-02
6.23440E+07
1.06570E-02
3.63290E+10
3.79640E-22
4.84230E+01
7.41600E-05
1.18300E+03
2.20830E+09
0.00000E+00
9.08210E+08
2.63250E-07
1.51370E+02
2.02430E+01
1.23750E+11
6.73440E+00
3.36030E+01
2.15320E+05
9.09980E+00
9.34560E-05
6.51460E-05
0.00000E+00
3.02050E+02
6.56210E-01
2.54650E-01
8.48180E+00
1.76390E+00
2.60120E-01
4.10180E-05
1.58730E+00
7.61170E-04
2.22530E+04
1.31210E+01
1.57560E+07
1.40990E-02
4.11340E-03
1.83530E+08
4.59170E+05
4.74810E-02
6.50540E+00
5.59540E-03
1.42470E+00
7.13960E+00
2.27760E+10
3.36240E-04
1.06620E+01
2.40440E+09
0.00000E+00
3.56650E+10
2.64910E+06
7.03220E+08
5.21350E-08
4.18430E+00
5.64050E-01
2.69270E+10
1.12740E-02
0.00000E+00
8.22470E+00
4.12160E+03
3.20320E+01
3.49470E-07
7.32620E+01
4.32280E+06
5.90110E+01
4.74940E-02
5.82060E-03
1.36480E+00
6.75930E-02
2.48020E+05
3.08270E+02
6.36370E-03
4.05190E+04
4.51000E+00
1.87910E+06
4.29930E+09
3.04390E-02
9.11300E-04
1.19140E+02
3.77430E+02
6.78430E+00
2.88200E-02
4.12490E+09
1.21880E-05
2.51900E+04
5.50350E-02
3.06610E+00
9.32550E-02
5.67090E+03
1.76990E+09
1.98800E+00
1.01590E+03
1.40600E+02
1.33280E-02
1.34200E-02
9.58760E-04
3.28900E-04
8.99090E+10
1.12610E+00
2.22630E+08
2.05760E-03
8.83100E-06
5.40420E+09
1.32790E+09
1.84300E-02
3.91310E-13
2.61820E+08
1.72980E+01
1.13780E-07
7.08430E+00
4.54590E+11
9.32010E-01
1.22310E-04
8.06520E-04
6.91620E+00
1.81020E+00
1.23350E-03
8.09980E+03
3.43410E-03
1.05350E+09
2.58300E+02
3.43770E+10
3.49440E+09
3.05500E+12
3.88520E-05
6.06760E-01
5.51970E-01
2.16730E+12
5.27310E-03
5.86820E-02
1.20170E-02
4.01720E+00
6.28320E+05
2.09700E+00
8.08300E+08
9.53880E+08
2.60170E+09
5.92390E-08
6.42960E-03
8.80150E-01
2.68260E-13
1.02960E+02
5.54860E-05
1.94040E+00
1.01040E+01
2.60410E+00
7.71460E+02
8.66420E-03
3.34380E-01
3.83500E+02
7.56600E-01
2.56380E-02
0.00000E+00
6.17880E+09
1.71180E+09
3.73740E-02
3.59650E+02
1.82400E+09
1.98920E+04
2.12600E+01
2.13040E+02
4.17920E-10
4.71410E+09
1.21560E+08
2.85410E-09
4.13460E-04
1.40140E+02
9.38250E+08
7.70670E-03
1.60110E+01
4.06010E-05
4.27560E-09
1.71490E-03
1.75910E+00
1.80160E-04
1.21420E-03
5.58320E+10
1.50100E+08
1.20320E+03
1.13580E+11
1.98000E+07
4.54250E+07
2.10990E-02
0.00000E+00
2.11060E+00
2.00010E-03
2.69340E-02
1.08450E+02
1.91060E+10
8.72030E-03
1.94860E+00
4.48130E+08
4.95710E+01
7.72170E-01
8.68920E+01
4.16120E+03
4.55080E+09
3.85640E+10
7.82020E+08
1.03700E+07
7.98590E+03
1.15730E-02
1.59580E-02
1.85630E+02
1.42250E+08
4.50380E+07
1.24220E-01
1.66390E+00
4.81570E+00
1.91400E+01
2.42970E+09
4.83370E-09
1.61580E-01
4.71670E-04
2.37300E-02
4.48540E-14
1.11930E-01
1.52450E-13
2.86530E+10
1.35960E+00
4.32900E+02
2.60180E-05
5.45420E+02
2.37240E+01
1.66040E-01
2.03910E+08
2.03010E+00
8.32010E+02
2.99010E-05
1.54870E-03
3.75090E-01
1.78280E+04
2.19810E-01
6.30250E+09
1.34640E-01
1.29360E-02
1.85070E-07
7.10390E+01
4.01160E+07
1.05790E+00
3.71020E+09
0.00000E+00
1.98080E+09
7.27820E-04
2.16920E+09
0.00000E+00
3.23510E-02
1.35420E+02
1.25220E-01
3.49920E+05
5.19780E+02
1.51070E-02
2.63740E-02
2.28310E+07
5.48470E+09
1.33720E+09
2.80450E-02
2.59320E-05
1.38360E-12
9.59940E-03
1.17190E-01
4.30920E+00
3.24020E-02
1.17230E-01
2.35430E+11
8.32410E-01
6.73470E-03
2.77840E+00
4.51230E+06
1.20250E+01
1.38450E+09
3.29150E-04
0.00000E+00
1.35290E+00
5.53220E+00
1.37880E+01
1.14250E+01
5.29440E-03
7.09640E-02
2.17600E-05
8.66700E-03
2.46090E-01
2.35390E-15
4.48580E-07
3.76410E-02
4.92890E+00
5.71320E+07
4.74380E-01
1.07800E+11
2.63730E-01
0.00000E+00
5.95300E+00
6.84640E-12
4.62420E+09
2.89900E-04
2.53210E+01
0.00000E+00
6.13140E-02
2.02890E-01
8.91680E+00
6.92790E-03
6.52680E+01
2.19240E-05
8.91740E-02
5.22690E-01
1.33890E+12
2.00150E+08
2.06470E+01
1.05810E-02
3.52520E+10
1.51160E+00
2.11330E+10
6.05880E-01
2.86960E+04
0.00000E+00
7.14870E-02
9.57390E+03
2.72540E+01
5.54090E-02
4.96420E+09
6.74060E-04
6.85910E-01
4.29670E+03
4.40460E+00
1.48720E+00
1.22690E-01
9.90990E+00
7.97690E-08
2.73080E-01
7.03640E-05
0.00000E+00
7.31960E+10
1.38870E+10
1.51710E+09
2.74800E+05
5.38940E-05
5.68990E-01
1.67940E+02
5.32200E+02
1.73820E-02
3.12460E+00
4.97570E-02
1.87280E+05
5.53370E+01
1.26480E+03
2.44930E+02
3.49540E+08
1.15140E-02
5.82750E-06
1.52810E+07
4.35190E+09
8.94060E-06
0.00000E+00
4.40300E-01
2.43000E-04
2.27200E-01
6.34450E-02
3.50550E-08
1.01720E-05
5.54690E-01
9.96890E-01
3.92680E-04
9.55990E+07
8.84220E+04
7.37430E+08
1.10930E-04
1.66650E-02
1.13340E-01
4.42680E+08
7.61620E+09
5.23640E-02
1.67090E-02
4.46820E+06
5.77020E-03
8.05190E-03
4.01390E+00
2.89580E-03
4.38280E-06
2.96710E+00
2.04720E+05
7.66110E+08
9.84050E-07
1.77180E+01
1.46970E+06
1.23780E+01
5.12020E+02
2.00700E+00
1.97860E-01
2.90630E+00
4.91960E-01
1.69930E-01
6.46110E-04
1.31490E+00
3.56630E-02
5.49460E+08
1.04870E+05
8.44810E+09
5.51380E+01
5.55530E-01
1.67620E+08
1.86100E+10
6.19860E+03
5.18840E-02
1.59900E+02
6.54610E-13
3.89760E-02
7.20110E-01
3.85030E-06
1.19420E-04
1.61970E-04
4.83420E-01
2.08680E+01
2.10410E-02
4.69610E-03
1.70280E+09
6.62720E-10
2.11180E+09
1.13150E+04
2.42910E+02
1.61470E-03
4.64230E+01
9.25550E+08
9.89770E+08
6.48410E+08
1.34140E-04
1.31820E-02
5.00270E+11
4.98810E-09
2.00840E+03
2.80700E+06
5.82050E-09
3.49870E-02
1.57670E+02
4.40330E+03
2.50520E-02
1.55030E+01
1.05230E+01
1.44620E+02
4.25780E+00
4.74860E-01
1.19290E+00
2.73420E+00
5.18670E-01
2.13130E+08
2.68830E+01
4.18880E+09
5.98920E+01
3.96350E-01
0.00000E+00
6.55290E-05
2.29910E+08
3.61400E+00
1.40920E-08
8.71780E+03
2.28990E+01
1.23950E-01
1.46570E+09
9.17520E+00
7.85670E-06
1.73970E-02
9.56700E+01
1.73060E-02
8.87670E+08
1.25780E+02
6.76090E-02
1.08200E+00
1.19030E+10
9.79990E-01
1.66210E+04
3.27390E+01
1.41080E+03
5.74940E-07
1.16190E+03
0.00000E+00
3.81410E+01
1.00160E+10
1.23050E+00
2.92130E+00
5.65400E-01
1.89520E+01
1.48630E-03
0.00000E+00
2.03600E+08
6.11010E+04
5.76990E+10
2.26970E+01
1.20150E+01
2.38700E+09
2.86300E-02
7.02530E-08
2.12260E+01
2.48790E+03
1.67140E+03
2.13170E+08
1.72770E+00
2.00800E+02
4.29270E+03
4.05100E-02
1.22080E-01
3.24980E+02
4.09860E+09
2.99830E-05
0.00000E+00
2.37660E+00
5.89900E-01
1.32580E-09
4.04950E+08
1.12320E-02
5.98960E-01
1.84600E+00
3.79340E+00
1.14810E+10
1.00940E-03
1.58330E-07
5.25160E-03
1.40490E+11
3.84100E+09
5.98510E+07
1.68670E-02
7.67290E-03
6.82460E+04
1.07700E+00
4.07770E-04
2.40740E+09
4.84580E-09
1.35680E-02
1.02830E+04
1.21590E-01
1.75730E-02
3.77920E-02
2.82220E+09
1.00820E-02
7.38490E-03
2.60400E+10
2.75020E+11
7.11220E-03
9.43830E+04
2.74260E-03
3.27940E+04
4.56380E-02
1.70720E+00
1.24380E-04
1.02590E+01
2.12890E+02
2.30650E-03
7.69980E+00
3.90150E+02
4.23270E+00
9.41490E+00
4.34530E-02
3.05290E+10
7.30130E-01
1.92760E-04
2.72910E+01
8.23340E+03
2.66640E+00
1.24010E+02
1.23330E+11
8.91400E+07
3.10570E+08
2.69630E-02
5.58980E-02
6.98930E+00
1.12870E-04
1.80310E+01
9.43490E-01
1.75560E+11
2.38010E+00
5.40210E-07
9.07200E+01
6.86800E-01
5.50750E+07
5.41050E-02
3.30450E+02
7.50980E-04
9.15220E-03
2.97400E+01
5.12300E-01
5.33090E-02
2.77290E-02
1.58600E+02
3.43500E+01
1.82610E-03
1.12720E+00
4.56160E+07
4.46280E+09
7.79950E-02
1.41000E+03
6.37280E+06
3.47630E+09
6.02640E+03
1.30550E+01
2.29120E+05
2.06280E+10
1.25650E-07
5.14270E-02
4.39950E-04
3.43970E+00
1.43160E-02
1.53700E+00
1.56100E+00
7.30490E+01
8.72400E+09
7.70700E+07
3.76380E+01
3.48360E+00
2.17420E+01
6.24330E+07
4.37900E+02
2.42490E+06
7.15560E-04
1.25550E-03
1.61040E-05
6.96180E-02
2.06320E+08
4.79180E+06
8.11320E+02
2.38980E+00
1.30840E-01
6.67120E+01
7.65760E+01
4.95700E+02
8.27110E+04
2.03330E-06
1.71620E-02
3.95090E+02
4.05360E+00
5.03470E-02
4.59790E-02
6.39800E-02
7.91190E-02
4.65460E-01
2.49000E+01
1.86800E+02
9.32100E+08
3.82620E+09
4.96830E+09
9.59930E-03
3.93020E+11
5.74060E-04
6.75320E-07
1.11350E+09
1.61360E+06
5.73960E+01
2.19000E+01
3.38940E+05
7.07960E+02
7.01990E+06
1.72390E+01
2.32180E-03
1.58100E-03
5.44730E+01
4.43060E-02
2.51440E-19
3.89080E+01
5.72940E+01
2.47900E-03
9.20330E+07
2.47930E+01
4.61730E-02
1.31420E+08
1.85400E+04
4.00480E-04
1.03430E-05
1.15880E-01
6.34920E-01
2.93320E-04
1.53070E+00
2.40340E+03
3.33670E-03
6.78510E-03
1.80180E+00
2.87750E+01
1.08530E+01
6.33130E+00
5.02390E+01
2.05150E+07
1.75250E+03
9.08700E-04
1.87650E+00
3.76710E+01
4.98580E-01
3.30330E-05
6.81310E+01
2.17970E-03
7.58180E+06
9.67230E-01
1.67550E-04
4.69000E+06
7.88610E+01
3.65390E+01
2.22970E+09
2.90790E+02
1.90450E+01
1.22650E+01
3.07610E+08
3.98790E+00
8.72010E-11
7.40200E-03
1.47370E+02
1.51470E+00
1.46970E+02
1.38060E+04
2.93190E+06
5.73040E+02
9.17770E-01
8.67200E-02
1.04400E-03
6.52680E+01
1.32390E-03
1.41300E+08
9.24460E+00
1.48610E-02
1.12180E+03
1.96190E+01
3.53000E-04
5.86390E+08
5.82550E-10
3.33790E+01
1.26560E+03
1.08590E+07
1.40690E+01
7.12240E-01
1.24980E-05
4.67860E+01
2.83540E-02
7.82480E-03
1.24390E+09
2.04480E+00
9.12630E+01
6.84780E+08
9.88490E-01
2.18970E+06
2.20530E+08
1.11710E+07
5.82570E-20
1.26420E+10
3.68180E+00
2.54050E+01
4.28930E+00
0.00000E+00
2.39880E-04
2.36280E+00
1.39170E+07
4.16850E+11
7.55350E-11
3.01660E-03
3.07530E-01
0.00000E+00
5.99690E+08
1.11950E-01
2.09810E+03
5.16800E+12
2.27340E-04
1.59900E-03
4.29150E+02
3.04280E-04
6.89910E+09
3.49790E+00
1.02980E-04
2.25970E+02
6.05990E-02
3.15980E+08
9.53860E+01
3.33050E-01
0.00000E+00
2.02790E+00
5.44000E+00
9.38350E-01
3.69980E+08
7.29690E-01
2.00970E-08
1.53160E+00
3.82270E+08
4.42950E+01
5.94240E-04
2.35500E+07
5.26390E+03
4.07780E-02
2.85670E-01
4.53650E-04
1.05820E-02
9.84020E-03
7.78330E+01
5.82070E-02
1.14890E+09
1.01880E-02
2.52540E+07
1.60280E-03
1.13830E+00
1.45430E+12
1.40690E+05
1.26000E-02
1.87600E+08
2.64530E-01
6.67200E+00
0.00000E+00
5.78860E+03
4.58550E+00
1.10310E-01
3.78980E+07
4.08010E+00
1.06700E-03
5.18530E+07
1.18450E+08
1.06250E-03
2.93350E+08
2.30300E+02
2.93900E+01
1.74450E+01
1.78850E+00
2.13590E+08
6.94830E+11
2.03270E+00
6.83250E-02
2.40300E+09
2.39480E-02
3.40410E+09
1.30890E+00
0.00000E+00
3.91250E+00
1.23470E+02
2.71230E-01
4.26550E-07
2.21570E+00
7.35550E-01
5.75830E-20
1.96430E+04
1.24710E+00
2.52110E+03
6.45740E+04
2.41060E+01
6.49580E-01
6.39890E-05
2.62290E+02
7.81810E-02
2.32920E-14
1.54910E+09
9.20140E+06
6.03740E-03
3.66520E+08
1.43380E+01
4.02670E-02
1.85880E+07
9.33250E+08
7.31640E-02
1.98410E+00
5.28040E-01
1.26580E-02
1.25100E+03
1.62850E+08
1.08450E-03
2.60390E+00
3.92610E-01
1.78260E+05
8.64000E+03
1.00720E+00
6.21300E+00
7.45710E-05
3.04660E+02
1.12750E+03
1.55260E+07
9.86760E-03
4.76410E-04
7.92900E-02
7.34260E-04
7.94080E-01
7.75830E-01
8.71420E+02
1.58700E+00
3.40830E-01
1.01100E+04
1.32400E-02
3.05830E-18
9.64240E+09
5.58480E-01
1.21330E+08
2.11140E-02
1.76620E-01
7.52540E+00
1.85090E-01
1.31970E-03
7.55880E+01
3.81840E+01
1.15220E-04
6.75240E+00
1.37190E+04
1.63170E-03
2.79390E-09
4.13800E+03
1.92150E+02
1.68390E+03
4.69860E+01
2.75730E-02
2.89690E-03
5.14590E-03
2.82710E-14
1.12550E-01
4.34220E+08
1.85570E+09
1.05620E+06
3.42170E+08
3.81640E-04
3.75010E+00
3.13190E+08
3.95560E-04
3.97890E-03
1.00220E-03
0.00000E+00
4.41490E+05
4.41680E+00
5.11030E+08
3.21340E-05
1.03640E+00
6.66880E+00
9.74540E+07
5.35780E-03
1.76290E+08
0.00000E+00
7.73620E-04
7.89100E+00
4.27420E+00
4.53850E-01
4.36010E+01
4.68900E+10
1.11420E+09
1.25560E-03
1.15970E+00
4.55470E+02
1.96200E+00
2.68430E-04
6.43690E-04
2.61860E+03
5.59160E+06
3.17970E+01
5.62420E-02
1.68170E-01
5.32460E-08
1.01540E+05
1.30450E-02
6.80660E-02
3.52560E+04
2.60400E-19
2.52380E-02
1.11860E+00
1.81750E+07
3.93430E+01
1.86070E-03
2.80990E-11
5.40290E-02
1.50880E+00
7.50130E+08
1.79690E-04
3.46550E-03
9.89480E-01
5.91940E-09
6.96040E+09
2.52320E+00
2.64950E-02
4.22350E+00
2.31410E+00
1.31900E+06
2.70220E+01
3.36980E+05
0.00000E+00
1.95490E+00
1.00860E-01
9.34910E-03
6.14450E+02
2.34220E+07
1.26740E+09
6.32550E+07
2.01870E-01
4.70640E+02
3.60290E-01
7.28900E+07
9.96840E+02
6.29240E-10
2.28080E-23
2.51740E-01
7.26140E+06
2.20330E-01
7.33410E+08
9.74220E-03
2.05330E+01
8.65650E+07
4.11520E+00
1.11060E+09
7.50580E+05
1.89020E-04
1.92390E+00
2.96170E-03
6.30820E+01
1.14040E-02
2.49410E+00
2.84370E+01
1.46670E+01
1.91520E+07
2.64660E+03
1.00610E+08
7.96600E+00
8.42130E-03
1.05050E-01
1.31880E-07
1.40590E+09
3.97870E+03
3.18790E+01
6.64810E+09
1.02800E-04
8.57010E-03
1.59380E-01
2.63790E+03
3.44910E-02
3.03590E-01
5.35750E+06
4.14700E+00
6.98820E-06
3.85960E+01
3.15590E+00
5.57480E+09
4.33860E-03
4.41710E-07
1.72850E+08
2.26920E+02
0.00000E+00
0.00000E+00
2.77280E-03
1.25570E-08
9.23400E-01
4.55920E+00
1.91640E-03
5.53090E-02
2.01250E-01
4.06200E-01
4.09350E+09
2.56090E-07
2.15360E+13
4.35000E+11
3.57180E+01
2.68620E-01
1.21630E+01
2.80050E+09
5.92190E+02
9.71520E-02
7.83530E-04
4.53670E+02
9.85770E+10
9.12940E-02
1.12430E-06
3.04840E-04
5.79260E+06
8.76630E+09
3.12670E-02
4.47020E+01
1.64980E-05
8.57650E+00
4.15070E+03
1.43390E+09
2.70580E-01
2.79520E+02
1.57600E-02
0.00000E+00
4.06940E+00
5.95030E+06
7.18130E-03
2.10710E-03
8.93200E-04
1.33990E+00
1.68400E+00
1.13340E-01
6.26520E-06
1.12800E+00
2.13560E-01
1.21210E-01
4.20370E-08
2.45900E+02
2.71350E+05
1.31230E+11
1.01190E+02
5.77910E-08
1.82630E-03
1.07240E+02
1.57480E+08
4.37170E-04
2.08330E+08
1.24730E-02
1.08290E+11
9.45890E+01
2.90580E-05
6.36340E-02
6.95770E-04
9.63150E-02
3.65400E+00
2.53930E+01
3.48000E-01
3.51250E-06
1.93180E-02
6.72490E-02
2.94870E+03
1.08220E+10
2.49550E-01
4.18470E+00
9.36810E-06
2.22760E+00
1.79210E+12
2.70130E+02
2.37940E-06
3.03600E-01
0.00000E+00
2.20110E+00
0.00000E+00
2.02730E+01
1.32980E+02
9.59810E-01
8.95490E-14
2.83410E+00
9.49580E+07
1.57980E+00
6.84530E-02
3.18270E+00
1.94570E-03
6.08460E+06
3.81190E-07
1.59910E+04
8.24280E+05
2.09820E+00
6.08440E-05
3.16150E-01
1.48410E+09
2.36260E-04
9.41990E+06
5.60750E-01
5.00350E+01
1.80360E+00
9.58300E+08
7.20600E+01
4.69650E-04
4.80420E-03
5.51450E+03
1.15450E-03
1.07890E+01
1.11790E+01
3.64260E-03
1.12890E+03
1.83010E+01
1.02290E+06
1.20990E-01
2.79580E-01
1.89010E-01
4.67770E+01
1.63170E+06
1.54050E-09
1.89860E-03
2.38920E+02
1.17000E+13
2.42710E+10
1.84340E-03
4.19580E-01
0.00000E+00
1.74880E-02
5.25690E-02
5.68790E+00
1.89920E+05
1.14250E-03
4.35490E+08
1.79170E+01
7.38840E-04
1.05560E+00
3.91310E-13
3.38670E+08
8.62910E-02
0.00000E+00
9.12820E+00
8.42540E+01
4.15780E+00
2.20450E-01
3.55020E-03
1.64790E-03
1.29960E+01
3.77610E-06
1.30920E-08
5.65490E-04
1.06890E+00
7.58780E+09
1.73340E+03
3.34170E-03
5.90760E+07
1.26320E+02
3.99980E+04
1.54060E+00
1.00860E-01
5.76930E+00
1.99140E-01
2.49360E+05
6.40240E-01
5.50330E+03
5.44130E+06
0.00000E+00
9.50490E+02
0.00000E+00
1.25450E+01
4.37820E-14
7.05650E-01
3.39150E+08
2.83550E-01
1.62820E-02
2.31150E+00
9.35980E+03
6.09030E+00
6.22910E+05
6.02150E+00
9.22410E-02
8.32050E+10
2.35700E+02
1.14250E+00
2.11350E+03
2.62190E-01
0.00000E+00
1.40490E+00
1.71290E-04
6.27840E-02
8.98170E+00
3.24810E-01
5.57890E-05
5.91080E-02
2.01920E-01
2.10430E+00
1.19250E-01
1.95200E+02
3.31730E+11
7.04580E+02
0.00000E+00
5.11240E+01
9.21810E+00
6.56210E+01
2.04340E+02
4.26630E-03
2.25570E-03
3.18330E-06
9.02280E+02
3.10120E+00
3.02960E+02
0.00000E+00
4.68350E-03
3.89800E+10
2.50340E-06
1.19590E-01
9.66690E-08
1.12570E-06
2.07330E+12
1.93990E+09
1.03450E+09
2.67170E+02
1.22980E-01
6.48750E+00
2.84720E-03
3.93370E+04
1.09760E+00
0.00000E+00
2.57840E-06
1.03550E+01
6.20920E-04
3.01910E+00
3.94210E-08
8.82660E+01
5.32560E-02
1.96610E+01
3.13740E-15
1.43760E-02
3.49890E+10
4.96570E+07
4.15700E+01
6.81760E-04
2.06480E+00
9.98370E+00
1.68480E-01
1.19050E-03
2.70110E-07
5.82570E+10
4.24960E-02
3.47210E+00
4.55120E+03
3.45020E+01
8.61100E-01
4.29510E+08
8.28100E-02
1.10050E+04
5.42700E+09
9.52600E+02
1.24130E+01
4.31300E+07
7.11470E+00
3.04360E+02
1.16220E+07
1.07660E+06
6.32620E-01
8.17270E+00
5.04260E-02
5.39950E+01
1.27700E+01
2.73940E-01
2.58270E+00
1.73050E-01
2.11800E+02
1.21700E+00
1.58700E+00
8.61190E-01
8.85680E+07
9.83820E-02
5.52590E-03
2.20670E+02
7.65510E-01
1.43830E-03
3.48180E-09
1.74150E-03
4.30950E+09
2.03470E+02
4.48410E+04
2.08900E-03
1.12910E-01
6.55790E+07
6.15210E-04
1.49470E+10
1.88950E-02
3.37550E+00
3.38590E-01
2.41860E+02
2.60400E+09
3.40120E+00
0.00000E+00
1.79630E+03
3.15160E-04
4.22710E+01
8.58560E+06
6.05360E-04
0.00000E+00
2.07310E+02
2.14630E-03
0.00000E+00
1.05790E-04
5.12060E+07
1.31190E-11
1.75290E+02
2.06240E+09
1.57440E-04
7.22290E+07
2.03890E+10
1.82790E+03
5.03410E+02
0.00000E+00
7.12840E+07
5.69300E-01
0.00000E+00
1.33670E-04
2.08380E+02
1.75380E+08
4.09100E+01
1.20050E+05
2.45630E+07
5.25540E+11
8.69340E-03
4.24270E+08
4.01350E-02
6.87040E+08
0.00000E+00
3.52250E+01
1.04110E+03
2.83090E-01
1.32400E+01
2.07860E-04
4.84690E+02
4.99290E-03
8.62040E-02
3.68340E-01
1.68530E-04
1.17070E+07
9.19970E+00
0.00000E+00
1.20760E+09
2.00300E+01
8.86210E+00
3.16640E+01
6.79800E-06
5.65420E+02
4.80320E+01
1.91690E+03
5.47450E+00
1.65510E+02
5.84930E+03
7.11840E+01
2.54060E-02
1.68060E-02
2.79940E+01
6.28170E-05
1.33740E+01
1.14990E-02
2.21480E-02
1.71660E+10
0.00000E+00
3.28000E-03
1.91930E-01
1.02500E+08
5.24140E+03
1.08820E-10
7.33290E-05
0.00000E+00
1.61360E+01
1.91100E+03
1.25290E-01
1.73770E+09
7.72100E-03
2.72530E-09
8.88780E+00
0.00000E+00
5.82350E-03
5.56020E-08
3.95130E-06
8.11780E-05
1.75730E-01
8.77390E-04
9.58130E+08
1.62550E-01
4.62940E+08
7.90910E+00
8.05600E+07
2.93320E-02
1.11200E+00
3.71360E-01
9.23380E-06
1.70170E+02
1.07460E-02
7.58220E+01
7.04960E-04
1.44940E-04
6.65200E+07
1.91540E-02
3.10940E-06
1.27590E+00
1.94040E-02
3.50740E+00
1.39750E-02
1.16060E-03
8.94210E-03
4.72070E+06
1.92290E-03
1.92530E-01
3.51680E-01
2.46740E-07
2.72850E+08
1.12230E-05
1.80650E-03
8.94610E-03
6.12320E+01
3.33750E+00
4.24080E-04
3.88770E-01
2.19010E+02
8.90440E-12
2.46970E-01
1.97800E+02
1.52740E-02
3.84090E+08
6.72710E-01
2.77750E-04
6.31460E+01
2.35390E-15
1.15220E-01
1.84110E+00
2.41260E+05
9.78470E+02
8.45760E-01
7.07350E-05
1.58420E+01
9.90300E+00
5.29350E+08
4.74130E+08
5.40720E-02
4.86840E-02
9.00740E+09
1.28820E+08
8.14700E+07
3.55010E+01
3.80490E+01
5.98460E-10
2.65710E-09
8.41490E+09
5.11090E-04
2.65270E+05
1.45670E-04
1.19380E+00
6.00130E-01
3.63610E-04
1.14670E+04
4.21920E-10
8.04720E+09
2.18760E-01
9.43000E+00
2.80940E+01
1.78090E+07
0.00000E+00
1.43180E-02
8.29380E+01
1.76010E-07
2.20410E-07
3.72740E-01
1.89080E-02
2.63440E+00
9.54640E-03
1.33760E+02
4.58700E+03
7.05820E-04
7.60770E-03
1.88080E-04
5.03010E-03
1.65010E+00
1.17780E+09
5.20930E+01
1.07470E-05
5.53470E+09
8.88720E+00
7.40650E+02
1.59380E-01
8.46480E-04
1.32670E+05
1.83930E+00
0.00000E+00
5.11800E-01
1.93100E+05
4.11070E+05
2.67510E+04
3.12150E+03
5.83090E+00
4.26210E+00
7.00630E-01
6.73120E-01
1.98020E-03
1.57970E-02
7.85320E-02
6.64650E+07
1.08550E+01
2.74840E-04
2.60670E-20
4.60110E+03
6.26060E-03
7.07000E-06
8.02170E+00
5.01210E+10
1.21160E-11
3.14790E+06
6.93180E-01
2.22130E+03
5.10590E-01
4.38700E-09
2.67620E-02
1.18010E-04
9.21300E-02
3.86940E-02
4.41880E-02
1.11780E+01
6.09590E-03
6.58380E-03
1.53390E+01
4.58620E-01
6.59130E-01
2.17420E+01
5.64460E-03
8.55440E-01
7.11600E+00
2.41640E+02
2.07820E+12
5.44300E+01
1.44040E-02
7.10870E+08
4.39130E-02
6.72380E-02
0.00000E+00
7.66650E+01
1.53770E+02
1.65900E+07
1.71940E-03
3.21210E-01
6.40630E-05
6.96870E+01
2.53770E+05
5.58940E+08
6.09640E+00
8.85160E-06
3.46840E+01
1.38380E+00
1.34360E+07
5.33020E-03
1.09070E+08
2.15430E+06
7.08800E-03
0.00000E+00
1.37940E-02
3.37510E+07
1.35520E+06
1.44170E-08
1.25830E+01
4.22830E-06
4.80190E-02
5.40170E-02
2.70690E-03
1.84630E+02
7.12730E-02
2.85020E-02
2.48810E+00
2.01640E+02
2.40320E-05
1.17500E+10
7.47250E-04
3.17790E+06
5.13060E+02
7.86070E-01
1.18970E-04
2.03950E-01
3.01400E+08
1.63550E+03
3.50310E-05
1.14550E-02
1.67440E+02
1.50700E-04
7.56950E-02
5.55800E+08
5.07900E+02
3.76510E+11
2.08500E+00
9.27440E-03
3.14050E+02
2.49940E-01
1.51630E-02
4.26390E+07
1.48950E+02
8.91910E+07
1.35880E+10
3.12670E+00
1.30740E+01
0.00000E+00
4.59710E+01
0.00000E+00
3.83030E-01
1.49720E+09
1.41730E-03
1.25920E+01
1.99000E-02
3.95830E+01
2.32470E+01
2.15720E+09
3.61010E+03
4.55740E-02
8.73180E+02
8.16430E-02
1.24890E+01
1.00090E+10
2.10220E-09
0.00000E+00
2.38230E+00
1.69660E-08
1.92690E-01
6.64460E+01
1.64190E+10
1.30300E+07
6.59420E-01
5.46420E-01
2.35450E+02
2.14110E+08
6.57190E+06
5.03280E-03
5.30910E+08
6.78050E+09
3.27260E+01
1.37920E+07
6.13280E+09
0.00000E+00
3.97560E+04
2.22530E-01
1.61500E+01
1.83730E+00
5.16330E+00
7.71750E-07
1.29780E-02
5.19060E+00
9.21310E-03
1.27800E+00
5.53400E-02
2.26430E-04
3.54880E+07
6.83440E-05
5.37100E-01
0.00000E+00
1.80290E+07
2.49540E+01
1.11860E+11
1.56510E-07
1.72140E+03
1.11790E-04
2.56590E-09
8.08360E-02
1.95670E+09
1.73730E-01
1.09260E-05
6.46400E-03
1.00640E-01
2.39080E+02
3.68810E-04
0.00000E+00
3.65610E+00
1.41980E+03
1.27600E+00
3.33000E-03
4.02420E+02
3.57040E-03
3.91310E-13
5.23080E-11
9.31490E+12
4.65050E+03
3.31480E+09
1.39170E+02
2.85930E+00
2.25100E-01
8.98400E-05
4.35630E+04
2.60310E+01
5.27360E+00
4.82440E+02
1.13510E-01
7.21150E-01
1.15380E+05
2.85910E-01
1.15560E+04
5.65390E+10
1.67060E+09
2.93800E-02
6.40190E-02
5.19830E+00
2.80370E+11
5.35350E+05
3.56230E+00
2.34040E-04
1.33920E-08
4.90590E+08
3.14650E+00
1.82480E+07
2.24740E+07
2.34050E-01
3.83450E+08
1.41980E+05
7.89850E+08
4.17850E+00
0.00000E+00
0.00000E+00
6.39660E+02
1.24870E+00
2.73400E-06
9.55460E+01
1.66480E-01
2.99950E-02
4.90040E-02
1.52000E+10
5.35530E-06
1.39590E+09
1.85390E-01
1.75850E+02
6.54450E-01
1.82230E-01
2.39270E-07
1.30160E-01
1.03110E+08
3.78500E-02
0.00000E+00
1.22950E-07
1.41670E+10
9.42430E+01
2.00530E+04
4.67840E-01
3.49720E+00
3.77680E+02
0.00000E+00
2.02670E+00
2.06810E+07
1.05790E+00
9.28890E+11
5.58330E+02
6.36780E-06
5.79130E-11
3.79340E+00
3.49860E-01
1.11400E+00
1.82140E+02
2.21660E+00
1.38060E+02
2.83110E-10
1.83490E-03
8.18650E-01
9.06530E-01
3.83800E+07
1.06840E+01
8.80730E-01
3.25670E+06
1.77580E+00
1.48170E+09
1.06870E+09
2.92460E+03
4.27330E-01
2.66330E-01
2.67980E+02
1.15810E+02
3.70730E-01
5.30660E+02
5.56570E+05
6.01650E-01
2.84950E+04
4.32900E+02
3.73900E-03
3.75820E+08
1.77330E-01
4.34290E+01
1.98830E+08
3.02340E-01
2.87560E+06
5.75050E+00
1.92710E+02
1.57820E+02
1.77290E+00
2.64260E+01
8.54950E-03
2.53170E-02
1.15290E+04
3.50390E-01
1.45700E+09
7.38740E-11
2.02920E-01
3.10980E-01
3.50620E+01
5.36750E+00
5.48980E-01
5.28590E+03
3.24020E+00
1.76810E+09
6.45860E+05
3.06580E+03
7.12420E+04
7.58740E+05
7.55510E+06
5.46080E+07
1.24530E+00
1.96030E+00
2.39420E+10
4.25210E-02
3.59940E+03
5.63330E-02
3.80720E-01
6.18080E+07
2.24240E+10
5.91370E+01
9.04420E+10
1.39360E+09
4.96920E-14
9.32200E+01
2.50280E+00
0.00000E+00
0.00000E+00
1.67770E+06
9.20760E-01
2.01640E+02
5.66880E-01
3.16350E+00
1.51490E-01
3.40170E-02
5.35470E+02
3.84850E-01
2.49140E+06
1.86320E-02
2.72110E+02
8.93200E-02
1.84410E-02
3.67840E+08
2.06890E-02
4.44530E-03
3.91430E+11
7.92640E+01
1.92690E+13
1.06610E-01
9.65550E-02
1.36610E+00
2.40090E-04
1.86790E+01
0.00000E+00
3.07190E+01
3.73210E+09
8.70060E-05
1.74580E+07
9.78210E+02
1.60390E+01
1.90540E-01
4.24840E-02
1.13800E-02
2.88800E+01
9.81000E+05
7.44740E-02
8.66850E-01
1.65270E+01
3.54160E-02
1.67130E-02
9.06520E+01
3.03670E-03
1.35750E-02
1.16730E+05
5.06440E-02
6.06840E+06
2.82840E+01
0.00000E+00
1.97250E+01
6.68180E-02
7.82050E-03
5.01190E+07
1.34680E-01
0.00000E+00
1.83970E-20
4.26160E+00
9.68890E-02
8.76080E+00
1.08790E+01
3.20510E+02
2.45890E+01
2.18800E-03
1.85290E+09
0.00000E+00
5.70890E-01
7.00380E+01
1.31460E-01
7.28390E-01
8.94570E-01
1.15010E+08
4.61580E+00
2.38660E+06
2.28190E-02
6.07520E+05
9.41290E+07
3.66720E-02
1.91410E+00
2.04540E-03
2.05680E-04
9.68450E+07
8.30510E-04
4.16620E-04
4.61160E+11
6.23410E+02
3.04920E+03
5.44500E-14
1.45030E+00
1.84770E-04
5.79210E+01
4.48580E+02
5.14850E-05
4.43150E+01
5.98810E-02
1.07410E+00
2.41220E-02
1.96390E-06
8.09310E+05
2.92600E-05
9.78630E-01
7.62840E+01
3.46380E+07
1.94730E-02
8.51730E+00
4.95120E-02
1.51380E+03
1.59270E+05
1.63430E+06
7.85270E-01
9.40660E+01
6.45510E+00
1.58180E-05
1.35590E-03
2.68290E-04
1.40550E+11
9.28110E+08
1.61700E+01
1.88270E+08
5.23070E+02
5.49750E+01
1.21380E+02
2.03090E-03
8.04610E-01
8.43860E+10
1.25980E+02
1.03120E+03
1.00080E+00
5.91290E-01
1.17180E+00
9.01980E-03
4.59160E+00
8.87890E+04
5.32870E-10
2.82040E-06
0.00000E+00
1.34740E+03
9.39020E-03
1.57720E-03
2.20620E+09
1.39320E+02
1.98260E+04
3.65390E+01
1.64490E+02
6.73370E-01
0.00000E+00
1.53260E+02
1.13150E-01
9.84110E+02
2.21040E+00
5.35640E-14
5.79790E-02
1.97230E+03
1.18060E+01
0.00000E+00
4.53690E-02
8.86090E-01
3.63260E+01
2.15940E+00
1.27710E+00
2.78230E-03
6.76850E+10
4.93450E+08
1.11410E+10
1.51780E-02
1.24210E+01
1.73110E-01
8.87150E+00
1.39410E-02
1.39750E+03
6.77010E-04
4.55960E+03
4.32240E-02
3.12150E+01
3.61970E-05
4.24610E-01
8.11790E+04
1.20070E+01
1.78540E-05
9.70410E-05
1.05560E-04
3.96720E-03
1.25140E+04
7.28270E+03
4.20130E-06
7.80680E-01
6.50420E+02
3.39850E+11
6.72570E-01
4.95120E-01
3.28730E-01
3.71150E+00
7.86850E+12
1.89010E-01
4.60060E-04
3.64290E-04
1.74060E+08
2.04350E-03
1.97690E+13
1.31230E-01
1.17070E+02
1.04420E-01
0.00000E+00
5.67570E-04
2.27850E+01
1.36290E+12
5.74000E+02
5.09940E+01
6.65670E+00
0.00000E+00
1.59300E-01
8.60150E-01
7.75970E-04
1.17510E-02
3.49350E-01
4.63080E-01
5.71370E-01
2.08280E+01
3.06980E-01
2.59780E+07
6.50350E-03
2.01420E-09
4.00430E-02
3.84560E-04
7.29200E+12
2.10090E+12
1.39700E+01
1.08780E+13
2.00210E-01
2.88680E+07
6.36350E-03
9.54050E-01
8.97990E-04
7.61870E+00
8.07320E-01
2.86890E-01
6.72860E-03
3.31750E+01
3.17660E+00
1.42470E+09
1.87110E+01
5.38120E-03
8.56200E-01
1.63850E+04
2.24320E+09
1.90720E-02
1.53650E-01
8.91170E-02
1.63010E+08
1.95520E+07
3.04160E+07
3.37700E-03
2.00770E-02
1.23740E-04
2.46440E+02
2.05790E+11
2.54350E-08
2.86470E+00
7.78810E+01
7.84100E-02
1.96790E+10
2.39670E-06
3.92070E+02
7.27910E-06
1.84680E+01
9.00870E-01
9.53530E+09
6.23450E-03
1.80580E-04
9.30810E-04
1.64270E-03
5.24860E+06
1.10690E+00
5.44570E-08
1.40780E-06
4.59150E-04
1.35400E-02
8.06020E-03
2.84770E+08
3.08930E+01
1.17990E+01
2.35960E+02
1.42520E+01
3.73580E-02
2.59220E+03
1.89150E-05
2.13510E-04
3.09030E+03
1.17430E-04
2.24730E+00
4.30510E-12
6.81830E+11
8.47690E+09
1.24850E+11
1.07790E-02
1.08840E+02
4.74000E+07
4.60030E-03
7.22730E+01
3.73830E+11
3.82620E+08
9.90410E+00
0.00000E+00
5.73790E-01
2.01010E-03
2.30960E+09
1.87920E+09
1.46870E-01
1.27660E-02
0.00000E+00
1.27200E+09
8.29220E-07
1.96940E-01
3.19750E+00
2.84140E-04
5.77510E-03
6.52790E-02
7.35360E+06
1.65670E+09
1.50900E+00
7.49790E+07
4.92080E+08
9.47670E-08
3.30910E+00
3.06350E+00
1.29830E-02
0.00000E+00
2.38230E+00
5.39890E+04
1.99190E+08
1.91850E+07
1.91940E+01
1.50910E-03
1.53870E-02
4.04220E-01
1.30610E+00
1.38330E+01
1.50500E-02
2.33620E+02
1.13360E+08
3.37930E+01
2.24680E+04
2.08720E-01
3.34820E+01
3.31410E+02
4.10560E+01
6.36070E-02
6.33680E-05
3.97230E+01
1.81630E+08
1.16930E+08
0.00000E+00
2.43440E+02
3.03610E-05
2.66360E+11
6.78050E-03
3.77670E-04
1.93530E-02
2.18920E-01
1.85180E+01
1.25580E+10
2.87680E+01
5.01310E-02
4.27500E-06
6.90970E+03
1.30030E+08
4.58020E-01
6.72490E-07
0.00000E+00
4.01180E+10
1.14600E+08
5.94620E-03
9.27710E+09
3.73580E+02
0.00000E+00
2.33690E+00
1.10930E+02
2.64840E+01
5.24290E+02
7.89240E+00
2.19990E+06
1.38390E+03
7.16170E+09
5.25450E-01
1.37720E-01
0.00000E+00
1.02640E+02
3.56350E-10
2.45290E-04
3.49690E-02
6.29730E+03
6.59870E-02
5.17600E-01
2.73350E-03
2.41580E-01
1.39640E-05
1.19160E+10
5.39290E-04
5.95000E-01
8.93100E+08
0.00000E+00
0.00000E+00
7.99680E+06
4.15190E+06
4.99080E+07
3.60270E-01
1.60650E-03
4.13160E+08
1.01050E-01
3.48210E+03
4.71050E+07
1.21720E+07
2.96490E-02
1.92390E+07
6.84730E-03
1.30220E-03
1.97630E+10
1.25440E-02
2.00870E+09
3.14270E-04
1.32540E-03
5.34580E+07
5.77680E-01
3.35750E+09
2.61800E+06
1.07000E-01
5.55510E-02
2.44450E-02
1.51510E+05
1.04310E+09
6.56110E-02
2.10940E+00
1.38620E-02
9.16770E+00
5.71390E+02
2.10910E+08
2.14370E-01
2.40910E-06
4.06660E+03
1.93510E+01
2.06000E+00
9.44610E+03
7.01860E+06
3.90790E-01
3.47120E+01
0.00000E+00
1.60210E-03
5.79650E-05
1.39820E+06
3.10030E-06
3.48110E+01
2.08530E-01
1.96240E-01
1.32930E+02
5.87120E+00
1.26090E-09
1.21870E+05
2.68290E-03
6.66850E+00
3.14710E+07
9.58760E-04
9.67170E-03
1.21090E+02
5.78820E-07
7.97990E-02
3.70250E-02
2.83630E+01
8.61990E+05
9.41270E+00
1.38050E+01
7.83330E-06
1.43150E+02
1.03070E-02
1.18160E+02
6.83130E-13
4.69260E-01
4.42470E+01
4.35210E-01
6.52380E-06
1.21480E-08
6.22920E-03
2.36810E+02
4.88410E+00
4.02670E-02
0.00000E+00
